<?xml version="1.0" encoding="UTF-8" standalone="no"?>
<!-- Created with Inkscape (http://www.inkscape.org/) -->

<svg
   version="1.1"
   id="svg2708"
   width="769.14471"
   height="1488.338"
   viewBox="0 0 769.14472 1488.338"
   sodipodi:docname="qw2.svg"
   inkscape:version="1.2.2 (732a01da63, 2022-12-09, custom)"
   xmlns:inkscape="http://www.inkscape.org/namespaces/inkscape"
   xmlns:sodipodi="http://sodipodi.sourceforge.net/DTD/sodipodi-0.dtd"
   xmlns="http://www.w3.org/2000/svg"
   xmlns:svg="http://www.w3.org/2000/svg">
  <defs
     id="defs2712" />
  <sodipodi:namedview
     id="namedview2710"
     pagecolor="#ffffff"
     bordercolor="#000000"
     borderopacity="0.25"
     inkscape:showpageshadow="2"
     inkscape:pageopacity="0.0"
     inkscape:pagecheckerboard="0"
     inkscape:deskcolor="#d1d1d1"
     showgrid="false"
     inkscape:zoom="0.52184871"
     inkscape:cx="360.25767"
     inkscape:cy="764.58941"
     inkscape:window-width="1920"
     inkscape:window-height="1031"
     inkscape:window-x="0"
     inkscape:window-y="25"
     inkscape:window-maximized="1"
     inkscape:current-layer="layer1" />
  <g
     inkscape:groupmode="layer"
     id="layer1"
     inkscape:label="Layer 1"
     transform="translate(-100.78226,-28.602935)">
    <path
       id="path3189"
       style="fill:#000000;stroke-width:1.33333"
       d="M 423.33109 28.692779 C 421.95286 28.136479 420.0264 30.087302 413.20023 37.333404 C 398.86611 52.549325 388.80184 67.93579 382.67484 83.999419 C 381.69586 86.566083 380.17057 89.567389 379.28617 90.667388 C 378.40176 91.767387 376.33139 96.866094 374.68656 101.99942 C 372.02128 110.31754 369.2466 114.66739 366.60257 114.66739 C 366.11433 114.66739 360.79412 109.77202 354.78031 103.79044 C 340.69014 89.775762 340.25099 90.074959 338.60062 114.81778 C 337.44544 132.13628 339.12149 159.23771 342.59085 179.3334 C 344.29704 189.2162 342.19276 190.01155 335.53812 181.99942 C 326.07253 170.60295 317.52643 162.37962 315.76078 162.96817 C 313.2264 163.81297 312.17089 170.84904 311.80374 189.3334 C 311.48894 205.18251 311.68781 206.62207 315.87992 218.66739 C 318.30451 225.63405 324.03123 238.24563 328.60648 246.69278 C 333.18172 255.13991 337.55566 263.23992 338.32523 264.69278 C 339.09479 266.14562 342.4865 273.41671 345.86234 280.85098 C 351.83197 293.99726 352.0002 294.72769 351.9932 307.517 C 351.98912 314.74938 351.36196 322.9104 350.60062 325.65176 C 349.06086 331.19607 344.88545 334.39544 342.1514 332.12637 C 340.5284 330.77941 332.67203 314.44181 325.73929 297.99942 C 323.88408 293.59942 319.13328 283.36886 315.18265 275.26504 C 311.23204 267.16121 307.99906 260.11803 307.99906 259.6127 C 307.99906 256.08586 285.56543 225.89279 278.78812 220.29825 C 277.65387 219.36195 271.12984 213.12381 264.29007 206.43692 C 255.30392 197.65161 251.45113 194.68212 250.39945 195.73379 C 248.53692 197.59632 248.36271 206.39144 249.84281 223.99942 C 251.92838 248.81064 252.19343 247.27072 245.78226 247.7377 C 242.72877 247.96011 236.12746 247.46521 231.11429 246.63809 C 226.10114 245.81097 212.6997 244.64169 201.33304 244.04044 C 179.6528 242.8936 174.96275 243.60571 176.75296 247.76895 C 177.28063 248.99604 178.7475 253.00073 180.01273 256.66739 C 182.74776 264.59358 192.35652 283.03225 196.68851 288.66739 C 198.37975 290.86739 202.19909 295.36739 205.17679 298.66739 C 208.15448 301.96738 210.60716 305.06505 210.62796 305.55215 C 210.64878 306.03925 207.81637 308.22238 204.33304 310.40372 C 196.94166 315.03238 183.99906 326.83713 183.99906 328.95059 C 183.99906 331.03979 195.81098 342.06505 203.84281 347.47403 C 222.25478 359.87338 231.59527 362.84547 263.99906 366.61075 C 294.21495 370.12179 297.35618 371.73008 297.63187 383.8334 C 297.75318 389.15869 297.14774 391.36 294.89749 393.75528 C 292.01777 396.82062 291.85095 396.83458 254.00101 397.03848 C 216.05539 397.24289 210.66703 397.85628 210.66703 401.97989 C 210.66703 403.01737 212.76436 407.34613 215.32914 411.59903 C 217.89392 415.85241 219.9961 420.33115 219.9971 421.55215 C 220.00149 424.39108 208.79205 434.30043 202.69242 436.84903 C 200.12349 437.9224 193.51657 439.04127 188.01078 439.33731 C 175.55726 440.00691 151.60831 444.48165 133.85257 449.4545 C 126.4377 451.5312 118.53787 453.55206 116.29788 453.94669 C 114.05789 454.34131 109.56917 455.80337 106.32328 457.19473 C 100.80048 459.56208 100.45468 460.01071 100.93851 464.19473 C 101.22288 466.65379 103.03122 474.85654 104.95609 482.42129 C 108.2021 495.1781 108.66648 496.12184 111.36429 495.44473 C 112.96409 495.04321 116.61136 494.34215 119.46976 493.88809 C 122.32817 493.43402 131.07499 491.38221 138.90726 489.32754 C 146.73953 487.27288 153.44223 485.88594 153.80179 486.24551 C 154.16136 486.60507 157.89002 486.18556 162.0889 485.31387 C 167.99536 484.08784 171.56611 484.09061 177.86234 485.32364 C 182.33828 486.20019 186.5997 487.37991 187.33304 487.94669 C 188.06637 488.51347 192.86573 490.34158 197.99906 492.00723 C 203.13239 493.6729 212.8837 497.61063 219.66703 500.75919 C 231.63075 506.31229 231.99862 506.61782 231.94632 510.90958 C 231.91666 513.34295 229.24107 521.02742 226.00101 527.9877 C 222.30343 535.93081 220.57952 541.1131 221.37015 541.90372 C 222.16077 542.69435 227.22861 542.35004 234.98148 540.97989 C 241.77504 539.77929 256.03371 538.39967 266.66703 537.91544 C 277.30035 537.43118 290.49906 536.82804 295.99906 536.57364 C 301.49905 536.31923 309.29972 535.19044 313.33304 534.06583 C 317.36637 532.94121 323.66637 531.34742 327.33304 530.52481 C 330.99971 529.70221 340.53331 525.75874 348.51859 521.76114 L 363.03812 514.49356 L 376.51859 517.37247 C 383.93329 518.95628 392.39971 521.31746 395.33304 522.62051 C 398.26638 523.92357 404.86573 526.35235 409.99906 528.017 C 427.47173 533.68311 465.33304 554.78608 465.33304 558.85879 C 465.33304 559.73076 465.67551 560.10032 466.09476 559.68106 C 467.11455 558.66128 487.53088 579.11599 493.03421 586.67129 C 505.61375 603.9412 512.75223 614.22601 514.7139 617.90372 C 515.91579 620.15699 519.01954 625.67279 521.61234 630.16153 C 524.20515 634.65027 529.61326 646.40853 533.62992 656.29044 L 540.93265 674.25723 L 532.24124 675.98379 C 517.5829 678.89742 502.9793 687.95617 493.39945 700.07559 L 488.43851 706.34903 L 483.70999 700.51895 C 452.02528 661.44663 392.72675 664.82372 365.08109 707.27676 C 350.6931 729.37119 350.29048 760.44388 364.09867 782.99942 L 367.97562 789.3334 L 363.56546 789.3334 C 361.14026 789.3334 355.5965 789.98803 351.24515 790.78848 C 317.62762 796.9726 291.99906 828.36658 291.99906 863.36465 C 291.99906 872.86583 296.49402 889.54222 301.33499 898.00333 L 305.37601 905.06583 L 297.02249 906.02481 C 256.71519 910.64902 228.93217 942.89992 231.00101 982.66544 C 232.91255 1019.408 260.24202 1047.6661 297.64554 1051.5756 C 304.81881 1052.3253 306.94283 1053.5156 304.16898 1055.2299 C 302.02368 1056.5558 295.92584 1070.8495 293.97171 1079.1361 C 284.99374 1117.2075 309.76229 1156.9047 348.13773 1165.9506 C 352.82877 1167.0564 359.22477 1167.9689 362.35062 1167.9799 L 368.03421 1167.9994 L 364.93851 1172.9994 C 350.2139 1196.7894 350.28565 1227.3642 365.1182 1250.0971 C 378.29981 1270.2997 397.57583 1282.1691 419.66703 1283.6869 C 424.98368 1284.0521 429.33304 1284.5846 429.33304 1284.8705 C 429.33304 1285.1565 427.82671 1287.6662 425.98539 1290.4486 C 418.99691 1301.0089 416.73613 1309.9923 416.70023 1327.3334 C 416.66185 1345.8928 418.8501 1354.4558 426.70218 1366.4799 C 439.63607 1386.2858 458.85315 1398.0794 482.57328 1400.7631 L 490.71585 1401.683 L 487.26273 1407.5736 C 478.4328 1422.6408 475.23818 1443.6534 479.2139 1460.515 C 485.42534 1486.8592 506.81522 1508.7078 532.86038 1515.3119 C 544.19433 1518.1856 563.53297 1517.1491 574.68656 1513.0697 C 591.87342 1506.7837 606.13409 1494.4736 614.57328 1478.64 C 625.88311 1457.4207 625.49006 1430.0173 613.56742 1408.5443 L 609.79788 1401.7572 L 621.23148 1400.2436 C 657.60482 1395.431 684.54203 1364.6929 684.54203 1327.9994 C 684.54203 1313.7662 682.44027 1305.7279 675.2139 1292.3334 L 670.71781 1283.9994 L 677.74515 1283.9994 C 700.01609 1283.9994 725.35849 1268.5483 737.10843 1247.8041 C 749.0264 1226.7627 749.51226 1199.7245 738.35648 1178.3197 C 735.97167 1173.7439 733.81517 1169.5494 733.56546 1168.9994 C 733.31575 1168.4494 735.73538 1167.9994 738.94242 1167.9994 C 754.71004 1167.9994 773.89972 1159.4141 786.79203 1146.5893 C 809.56332 1123.9371 814.7726 1088.526 799.44242 1060.6049 L 795.01663 1052.5424 L 806.50882 1050.9838 C 822.27534 1048.8431 837.34926 1041.3766 848.51078 1030.1811 C 877.03377 1001.571 877.07009 955.88489 848.59281 927.40762 C 836.30839 915.12321 821.29035 908.12302 802.55374 905.94669 L 795.10843 905.08145 L 799.50101 896.80801 C 805.38173 885.73323 808.00448 874.99504 807.98538 862.05411 C 807.94315 833.44374 792.51423 809.01114 766.59085 796.50528 C 758.7601 792.7276 745.48347 789.38093 738.22171 789.35294 C 735.4106 789.3421 733.31576 788.8834 733.56546 788.3334 C 733.81517 787.7834 735.97166 783.58889 738.35648 779.01309 C 746.33946 763.69599 748.57461 746.25523 744.67484 729.71622 C 736.73547 696.04526 708.31968 673.39983 673.94632 673.34903 C 652.97602 673.31807 636.75025 680.18747 621.66703 695.47989 L 612.00101 705.28067 L 602.33304 695.57169 C 596.75629 689.97089 589.42407 684.19927 585.00296 681.93106 L 577.34085 677.99942 L 577.33304 666.66739 C 577.32645 655.45145 579.12923 645.16122 584.17288 627.61661 C 588.3526 613.07731 608.82037 574.78663 612.46195 574.69473 C 613.08275 574.67907 616.35226 572.23612 619.72757 569.26504 C 623.10289 566.29397 628.42866 562.24396 631.56156 560.26504 C 649.88984 548.68791 661.86748 540.48935 662.26663 539.24942 C 663.05217 536.80926 653.15324 527.99942 649.62601 527.99942 C 646.87735 527.99942 636.87674 532.45767 634.66703 534.66739 C 634.30037 535.03405 632.50036 536.16697 630.66703 537.18692 C 622.51906 541.71991 599.061 564.42186 591.33304 575.25333 C 589.13304 578.33683 586.37656 581.81616 585.20804 582.98379 C 584.03954 584.15143 580.16534 589.80833 576.59867 595.55411 C 573.032 601.29987 569.48848 606.64287 568.72367 607.42911 C 567.95886 608.21535 565.8324 611.06125 563.99906 613.75333 C 559.0596 621.00648 558.28662 620.71569 548.68656 607.99942 C 545.088 603.23276 538.51096 594.64652 534.07132 588.91739 C 529.63168 583.18823 524.71328 576.74243 523.13968 574.59317 C 521.56607 572.44391 514.72663 564.83009 507.94242 557.6752 C 485.66149 534.17683 462.07971 506.64251 457.62015 498.91934 C 450.16179 486.00278 446.41938 477.38981 445.89359 471.93106 C 445.61587 469.04772 444.73446 462.63311 443.9346 457.67715 C 442.25471 447.26876 441.14893 424.42718 442.15921 420.99942 C 442.99779 418.15415 446.85169 418.00516 451.90921 420.62051 C 456.71063 423.10341 471.51325 440.62942 474.58304 447.46622 C 475.8675 450.32684 479.94095 456.65555 483.63578 461.53067 C 487.33058 466.40578 490.57341 471.0156 490.84281 471.77481 C 491.75377 474.34204 506.99198 489.43326 510.50882 491.25137 C 512.42918 492.24413 519.70036 495.03915 526.66703 497.46231 C 537.4507 501.21314 541.21538 501.87661 551.99906 501.93301 C 565.53844 502.00381 571.74837 501.2695 586.20023 497.88419 C 596.57483 495.45395 635.31927 495.11008 638.10648 497.42325 C 639.03027 498.18993 645.80511 498.59806 653.98148 498.38028 L 668.2432 497.99942 L 663.27835 488.66739 C 660.54802 483.53405 655.24225 473.45312 651.48929 466.26504 L 644.66703 453.19473 L 651.35648 446.93106 C 655.03614 443.48581 663.28679 435.77572 669.69046 429.79825 C 676.09414 423.82077 681.33304 418.21835 681.33304 417.34903 C 681.33304 414.84299 665.2102 398.71039 659.33304 395.33536 C 656.39971 393.65085 650.09971 390.89437 645.33304 389.21036 C 640.56638 387.52636 636.36572 385.75592 635.99906 385.27481 C 635.63239 384.79369 633.98304 383.68865 632.33304 382.81973 C 630.68304 381.95081 629.33304 380.41169 629.33304 379.39981 C 629.33304 377.2276 639.25271 368.24081 648.66703 361.88419 C 652.33369 359.40843 657.69938 355.36284 660.59085 352.892 L 665.84867 348.39786 L 662.47757 346.19083 C 654.96471 341.2682 630.18761 339.87607 614.66703 343.50528 C 609.90037 344.61988 604.22278 345.77478 602.04984 346.07169 C 599.87688 346.3686 592.07623 348.36096 584.71585 350.49942 C 577.35548 352.63787 570.43304 354.41459 569.33304 354.44669 C 568.23304 354.47879 564.03239 354.9038 559.99906 355.392 C 553.67766 356.15716 552.15975 355.87922 548.99906 353.37637 C 543.77057 349.2361 544.03404 343.78602 549.66703 339.51895 C 555.06023 335.43352 566.36042 332.28266 575.99906 332.1752 C 580.03239 332.13025 588.1324 331.15255 593.99906 330.00333 C 599.86572 328.8541 607.06572 327.56236 609.99906 327.13223 C 621.91345 325.38512 640.92797 315.88869 654.0596 305.12637 C 663.02034 297.78241 674.66703 284.97083 674.66703 282.4584 C 674.66703 280.76099 670.10054 279.13201 658.51859 276.69864 C 651.52967 275.23025 647.46682 273.60408 645.4639 271.47208 C 642.7239 268.55549 642.63923 267.8458 644.00882 259.18887 C 645.70652 248.45789 648.89338 235.13844 650.67288 231.3334 C 652.66606 227.07146 661.0651 196.72977 660.44046 196.04825 C 660.12856 195.70794 653.45113 195.27959 645.60257 195.09708 C 634.44257 194.83758 629.7341 195.31384 623.99906 197.28262 C 615.81796 200.09108 598.17339 208.98216 585.99906 216.43106 C 581.59906 219.12322 577.26112 221.3285 576.35843 221.3295 C 574.37585 221.33363 573.72576 218.49622 572.62015 205.00919 C 572.15465 199.33075 571.29755 194.39017 570.71585 194.03067 C 568.56358 192.70048 553.13127 203.30008 545.68656 211.22208 C 537.98643 219.41586 528.56141 233.85103 519.4971 251.3334 C 512.94276 263.97475 503.20848 277.3562 493.07914 287.64981 C 485.02447 295.83508 477.49937 301.22662 477.18656 299.03458 C 476.2136 292.2165 484.17263 278.92223 507.24124 248.83926 C 508.29314 247.46752 510.4717 242.96752 512.08109 238.83926 C 513.69049 234.711 516.07939 228.93276 517.39163 225.99942 C 518.70388 223.06609 521.09508 215.26738 522.70413 208.66739 C 524.31317 202.06739 526.13956 196.03301 526.76273 195.25919 C 527.9313 193.80813 531.61145 169.46855 532.79984 155.3334 C 533.80566 143.36966 532.93774 142.79453 520.43851 147.15762 C 501.50531 153.76664 499.97508 154.11944 498.75296 152.142 C 497.13464 149.5235 493.40394 131.19114 492.67484 122.27676 C 491.74982 110.96724 486.29743 90.302915 483.4014 87.132232 C 481.21519 84.738681 477.6703 86.816152 465.11429 97.849029 C 458.76053 103.43204 452.88972 107.99942 452.06742 107.99942 C 450.37972 107.99942 446.18501 98.912156 444.65726 91.946685 C 444.10073 89.409266 441.28022 80.133395 438.39164 71.333404 C 435.50307 62.533413 432.88383 54.043547 432.56937 52.468169 C 431.19046 45.560502 426.57804 32.405461 424.68656 29.981841 C 424.18746 29.342326 423.7905 28.878212 423.33109 28.692779 z M 419.59867 421.53848 C 422.36543 421.67719 424.068 427.06763 424.80374 437.98184 C 425.15046 443.12517 425.86645 453.03966 426.39359 460.01504 C 426.92072 466.99044 427.13899 475.84176 426.87992 479.68301 C 426.46601 485.82036 426.0613 486.65909 423.53812 486.60879 C 420.03114 486.53884 403.14166 479.41749 398.97562 476.25137 C 396.14054 474.09674 396.03756 473.49437 397.32914 466.642 C 400.17139 451.56234 414.15843 422.51969 419.03031 421.58145 C 419.22424 421.5441 419.41422 421.52923 419.59867 421.53848 z " />
    <path
       style="fill:#008000;stroke-width:1.33333"
       d="m 275.60755,524.18234 c 6.0175,-0.64266 12.3175,-0.91462 14,-0.60436 1.68252,0.31026 11.61011,-0.29353 22.06132,-1.34176 17.80592,-1.78589 19.69455,-2.25344 30.00001,-7.42682 13.23621,-6.64464 19.54397,-10.88492 19.6131,-13.18456 0.0283,-0.9397 1.02344,-2.08154 2.21152,-2.53746 1.1881,-0.4559 5.09015,-5.38708 8.67124,-10.95814 3.58108,-5.57108 7.46723,-11.32923 8.63587,-12.7959 3.00559,-3.77209 9.26809,-17.23977 12.40007,-26.66666 8.15614,-24.54914 15.91876,-37.26288 27.52352,-45.07848 8.32841,-5.60904 16.52578,-7.38043 23.44252,-5.06572 7.42737,2.48558 30.64188,29.40273 34.8166,40.36974 0.54081,1.42072 3.69081,6.37738 7,11.01479 3.30917,4.6374 6.01669,9.10545 6.01669,9.92899 0,0.82354 0.46103,1.49734 1.02451,1.49734 0.56348,0 1.91412,1.46615 3.00141,3.25811 5.08088,8.37372 14.60059,16.40083 22.93274,19.33708 4.60606,1.62319 10.40918,3.83389 12.8958,4.91268 7.73513,3.35577 34.17461,2.57031 51.14544,-1.51944 7.75658,-1.86924 14.60476,-3.25915 15.21816,-3.08868 0.61341,0.17045 5.2181,-0.49016 10.23266,-1.46804 9.5199,-1.85644 25.03091,-1.35679 27.89559,0.89861 0.90954,0.7161 3.3037,1.69615 5.32036,2.1779 3.09296,0.73888 3.66667,0.44801 3.66667,-1.85898 0,-3.56664 -5.01271,-14.39146 -8.01856,-17.3159 -3.94648,-3.83959 -11.98144,-14.04011 -11.98144,-15.21064 0,-0.82603 6.05456,-5.99156 13.45459,-11.47895 14.01576,-10.39321 26.54541,-22.49919 26.54541,-25.64781 0,-3.04723 -6.86772,-8.634 -15.33333,-12.47342 -4.4,-1.99552 -8.3,-4.04006 -8.66667,-4.54342 -0.36667,-0.50336 -5.76667,-2.58239 -12,-4.62007 -6.23333,-2.03768 -12.38333,-4.62006 -13.66667,-5.7386 -5.21948,-4.54928 -1.48172,-12.27418 12.51576,-25.86656 5.67456,-5.51035 8.60839,-9.26512 7.6852,-9.83568 -1.6805,-1.0386 -25.0438,2.32176 -43.20096,6.21362 -6.6,1.41467 -14.34727,2.87252 -17.21613,3.23966 -2.86888,0.36714 -8.80371,1.59717 -13.18851,2.73338 -4.8888,1.26682 -9.98019,1.72663 -13.16347,1.18882 -10.57498,-1.78663 -17.26273,-11.99599 -14.4335,-22.03387 2.56197,-9.08968 23.3558,-23.59553 34.00161,-23.71965 2.93333,-0.0343 11.93333,-0.62366 20,-1.3099 8.06667,-0.68624 16.12516,-1.28966 17.90776,-1.34094 8.07583,-0.23231 44.09224,-21.50235 44.09224,-26.03934 0,-1.6341 -5.47212,-6.93845 -6.66666,-6.46226 -1.08894,0.43408 -9.62662,-2.56088 -15,-5.26191 -3.68756,-1.85361 -5,-3.35201 -5,-5.70845 0,-1.75732 0.45516,-3.39512 1.01146,-3.63958 2.1801,-0.95794 16.32187,-53.64964 16.32187,-60.81465 0,-3.7548 -1.58265,-3.72676 -13.61587,0.24128 -18.39898,6.06718 -23.10236,8.36608 -40.38413,19.73881 -15.52746,10.21826 -27.26671,17.05679 -29.28022,17.05679 -1.1863,0 -0.81177,-10.03162 0.42562,-11.4 1.37368,-1.51912 4.18793,-15.51155 4.18793,-20.82238 0,-6.36418 -4.65032,-4.8052 -13.82449,4.63454 -6.21734,6.39729 -10.51647,12.86425 -17.94918,27 -10.3393,19.66357 -20.72494,35.81189 -27.88682,43.36041 -2.37995,2.50842 -4.32995,4.88344 -4.33334,5.27784 -0.0107,1.28423 -22.3127,21.16931 -24.18574,21.565 -1.00124,0.21152 -2.19765,0.90222 -2.65867,1.53487 -0.46103,0.63267 -2.56103,0.31876 -4.66667,-0.69755 -3.31767,-1.6013 -3.8068,-2.55525 -3.66633,-7.15028 0.30726,-10.0518 3.95769,-21.46857 10.35155,-32.37477 3.52356,-6.01023 6.80078,-10.92768 7.28274,-10.92768 0.48196,0 3.86087,-4.95 7.5087,-11 3.64782,-6.05 7.05153,-11.30763 7.56377,-11.68363 2.65181,-1.94642 15.96953,-30.65388 17.37304,-37.44903 0.89373,-4.32704 2.03444,-7.86734 2.53489,-7.86734 1.05422,0 2.4555,-14.72954 2.82291,-29.67304 0.34644,-14.09002 -1.10737,-15.27907 -9.27469,-7.58563 -3.47875,3.27691 -8.58294,8.02605 -11.34264,10.55367 l -5.01764,4.59564 -2.77994,-2.77994 c -2.20852,-2.2085 -2.88794,-4.87074 -3.3054,-12.95168 -0.289,-5.59446 -1.35605,-14.51889 -2.37122,-19.83206 -1.01518,-5.31316 -1.87464,-10.90581 -1.90994,-12.42811 -0.0963,-4.15293 -7.23545,-21.73017 -9.11957,-22.45317 -2.35366,-0.90318 -7.49576,3.52475 -13.34206,11.48898 -8.76929,11.94618 -13.52094,16.54765 -15.27569,14.79291 -1.32852,-1.32852 -5.28681,-15.83858 -11.92872,-43.727575 -2.48368,-10.428824 -9.41595,-31.822015 -10.90937,-33.666667 -2.55539,-3.156364 -6.19039,-1.650775 -11.26688,4.666667 -2.7991,3.483333 -5.38927,6.633333 -5.75594,7 -0.36666,0.366666 -1.36445,1.866666 -2.2173,3.333333 -0.85287,1.466667 -4.88542,8.183791 -8.96123,14.926943 -4.07581,6.743152 -8.644,16.043152 -10.15153,20.666669 -6.26155,19.20381 -9.69387,27.73701 -11.13854,27.69177 -2.20153,-0.0689 -7.67121,-5.06423 -12.72208,-11.61871 -2.4017,-3.11667 -5.2009,-5.66667 -6.22045,-5.66667 -1.01955,0 -2.85301,1.93241 -4.07436,4.29424 -1.88951,3.6539 -2.07024,6.58657 -1.21204,19.66667 0.55472,8.45484 0.99851,16.57242 0.9862,18.03909 -0.012,1.46667 1.07949,9.26667 2.42625,17.33333 6.04172,36.18808 6.0465,43.33334 0.0289,43.33334 -2.22962,0 -13.41052,-11.64494 -13.41052,-13.96714 0,-2.13245 -13.8079,-20.69953 -15.39374,-20.69953 -2.99807,0 -3.85932,15.61299 -1.40396,25.45131 2.67656,10.72466 10.53004,28.94382 16.61666,38.54869 5.61336,8.85807 13.39953,22.94359 19.117,34.5835 4.16677,8.48289 4.2127,8.79544 3.91912,26.66666 -0.25535,15.54399 -0.66387,18.59046 -2.9094,21.69586 -1.43679,1.98697 -2.61235,4.13238 -2.61235,4.76757 0,1.80297 -5.63835,6.63847 -9.40351,8.06455 -5.17661,1.96066 -10.42001,-1.79843 -15.49889,-11.11147 -2.41112,-4.42121 -13.75763,-32.73917 -13.7617,-34.34567 -0.004,-1.68141 -18.1859,-37.6349 -22.17838,-43.8569 -2.04602,-3.18859 -6.20248,-8.52444 -9.23658,-11.85746 -3.03408,-3.33303 -5.75752,-6.63303 -6.05206,-7.33333 -0.95998,-2.28243 -17.61111,-16.60664 -19.30432,-16.60664 -2.38102,0 -3.71276,12.04882 -2.00968,18.18237 0.78664,2.83303 1.4336,8.88714 1.43768,13.45356 0.007,7.42248 -0.35135,8.53768 -3.37726,10.52034 -4.20554,2.75557 -21.21192,1.96821 -29.15288,-1.34974 -6.14604,-2.56797 -27.44539,-5.19625 -32.27889,-3.98312 -3.09744,0.7774 -3.33259,1.29739 -2.52746,5.5891 1.76898,9.4294 10.75242,24.59262 20.60203,34.77433 5.24267,5.41944 9.35432,10.77191 9.13702,11.89439 -0.21732,1.12248 -5.49512,5.56897 -11.72846,9.8811 -11.93972,8.25972 -13.64727,10.99168 -10.17876,16.2853 2.54248,3.88033 25.52891,15.59346 36.17876,18.43554 4.4,1.1742 17.9,2.83116 30,3.68215 21.62519,1.52087 36.7532,4.70993 39.78679,8.38727 0.71721,0.86941 2.59619,5.42345 4.17552,10.12008 2.50525,7.45018 2.67653,9.35201 1.34297,14.91094 -1.52034,6.33754 -3.3462,9.18089 -11.65912,18.15649 l -4.35384,4.70092 -18.31282,-0.94243 c -30.47171,-1.56813 -47.3641,-1.52657 -47.91544,0.11787 -0.2735,0.81572 2.22521,4.82525 5.55268,8.91006 3.32746,4.08482 6.04993,8.01039 6.04993,8.7235 0,1.44601 -8.84511,6.88789 -20.03289,12.32505 -11.72438,5.69797 -34.63378,24.71479 -34.63378,28.74911 0,2.88154 9.72527,9.72728 18.97362,13.35574 4.9645,1.94776 9.02638,4.04659 9.02638,4.66407 0,0.61747 0.45,1.02743 1,0.911 0.55,-0.1164 1.9,0.15577 3,0.60487 3.33308,1.36081 16.32876,4.66668 22,5.59641 2.93334,0.48088 6.72527,1.77127 8.42654,2.86751 3.01805,1.94474 3.0364,2.08 0.75545,5.56802 -1.28575,1.96618 -3.08208,4.32212 -3.99184,5.23542 -3.28992,3.30274 -10.01307,16.34126 -9.14795,17.74106 0.93675,1.51568 18.42211,0.9676 38.89868,-1.21928 z"
       id="path3260" />
    <path
       style="fill:#0000ff;stroke-width:1.33333"
       d="m 690.06638,793.42266 c 35.04064,-12.3158 45.23618,-56.91375 19.00726,-83.14267 -3.54466,-3.54467 -9.88633,-8.05776 -14.09257,-10.02908 -6.78601,-3.18038 -9.22516,-3.58296 -21.64772,-3.57304 -13.12004,0.0107 -14.50284,0.27569 -22,4.21942 -9.77477,5.14183 -17.92264,13.3575 -22.91208,23.10273 -3.44523,6.7291 -3.75459,8.54178 -3.75459,22 0,13.46876 0.3033,15.2423 3.71339,21.71453 6.94417,13.1798 17.47448,22.22784 30.668,26.35113 8.47455,2.6485 22.47936,2.35816 31.01831,-0.64302 z"
       id="path3258" />
    <path
       style="fill:#0000ff;stroke-width:1.33333"
       d="m 570.90021,791.71498 c 10.05944,-4.62108 18.39566,-12.53884 23.91255,-22.71218 4.35936,-8.03882 4.52059,-8.85918 4.52059,-23.00278 0,-13.56939 -0.29186,-15.24299 -3.90102,-22.37008 -4.60234,-9.08836 -13.60137,-17.92962 -23.5886,-23.17506 -6.54869,-3.43947 -8.40277,-3.77031 -21.17705,-3.77884 -12.42036,-0.008 -14.86289,0.39505 -21.64772,3.57487 -9.75719,4.57286 -19.45963,14.27531 -24.44485,24.44485 -3.55764,7.25736 -3.89944,9.16452 -3.81819,21.30426 0.0705,10.53153 0.66952,14.59414 2.85069,19.33333 6.34916,13.79527 16.17832,22.973 30.1652,28.16601 10.06275,3.73608 26.86944,2.92835 37.1284,-1.78438 z"
       id="path3256" />
    <path
       style="fill:#0000ff;stroke-width:1.33333"
       d="m 448.00001,791.17552 c 14.92669,-7.11558 24.89417,-19.95125 28.044,-36.11382 4.29392,-22.03323 -7.08701,-44.52629 -27.60957,-54.56705 -5.75678,-2.81653 -9.99679,-3.79133 -18.41192,-4.23301 -13.55262,-0.71133 -23.09406,1.82015 -32.16086,8.53271 -14.05824,10.40796 -21.00161,24.03867 -20.98984,41.20567 0.009,13.9283 3.63631,23.4233 12.75992,33.40598 10.90047,11.92686 22.43943,16.72226 39.03494,16.2223 8.75932,-0.2639 12.21638,-1.06011 19.33333,-4.45278 z"
       id="path3254" />
    <path
       style="fill:#0000ff;stroke-width:1.33333"
       d="m 750.00002,910.41161 c 11.65535,-2.88951 23.93657,-13.30511 30.35632,-25.74492 3.49813,-6.77852 4.21259,-9.83223 4.67923,-20.00001 0.45736,-9.96558 0.0608,-13.30022 -2.33926,-19.66945 -9.62924,-25.55419 -37.39368,-38.85439 -63.05993,-30.20804 -22.10926,7.44807 -35.3876,27.06083 -34.04326,50.28356 1.05264,18.18386 10.41999,32.96543 26.23134,41.39279 12.00789,6.40013 23.48938,7.58693 38.17556,3.94607 z"
       id="path3252" />
    <path
       style="fill:#0000ff;stroke-width:1.33333"
       d="m 629.83675,909.22033 c 13.3544,-4.98308 21.92987,-13.25431 28.44839,-27.43912 4.80862,-10.46393 5.03257,-26.61343 0.52848,-38.11007 -4.17814,-10.66464 -14.13479,-21.18011 -25.22331,-26.63898 -8.1398,-4.00721 -9.91169,-4.36548 -21.59029,-4.36548 -11.67861,0 -13.4505,0.35827 -21.5903,4.36548 -18.26956,8.99408 -28.14528,24.92044 -28.29736,45.63452 -0.0737,10.04734 0.3954,12.34713 4.13475,20.26762 11.60969,24.59108 38.42536,35.67587 63.58964,26.28603 z"
       id="path3250" />
    <path
       style="fill:#0000ff;stroke-width:1.33333"
       d="m 499.33335,911.31074 c 7.82482,-1.27496 19.89257,-8.17271 26.12225,-14.93112 15.67193,-17.00204 17.49592,-43.2597 4.35131,-62.64046 -5.5026,-8.11317 -10.95492,-12.54962 -21.49295,-17.48845 -6.65377,-3.1184 -9.29288,-3.5778 -20.31395,-3.53615 -11.19146,0.0423 -13.59498,0.49739 -20.63759,3.90744 -10.13864,4.90916 -19.8576,14.60908 -24.44485,24.39696 -3.17829,6.78156 -3.58373,9.23332 -3.57985,21.64772 0.004,12.81598 0.33328,14.65017 3.89324,21.68754 4.5746,9.04311 15.70246,20.06748 23.92905,23.70649 6.55308,2.89874 18.47188,5.20699 23.50667,4.5524 1.83333,-0.23836 5.73333,-0.82442 8.66667,-1.30237 z"
       id="path3248" />
    <path
       style="fill:#0000ff;stroke-width:1.33333"
       d="m 383.07126,909.25293 c 12.73002,-4.73891 24.09971,-16.24627 29.16191,-29.51499 2.20799,-5.78743 2.60367,-9.37096 2.1794,-19.73792 -0.46332,-11.32131 -0.99809,-13.56183 -5.03497,-21.09458 -5.30559,-9.90014 -13.82039,-17.93062 -24.04426,-22.67665 -6.17948,-2.86859 -9.32634,-3.41664 -20,-3.48316 -11.53541,-0.0719 -13.44068,0.2932 -21.33333,4.08799 -11.05468,5.31509 -19.2751,13.52804 -24.52204,24.49973 -3.7556,7.85319 -4.14014,9.85561 -4.09675,21.33333 0.0416,11.01287 0.52263,13.64573 3.68401,20.16533 11.9584,24.66136 38.88015,35.77433 64.00603,26.42092 z"
       id="path3246" />
    <path
       style="fill:#0000ff;stroke-width:1.33333"
       d="m 810.04003,1027.2669 c 19.19515,-4.9997 32.63534,-19.772 36.67619,-40.31132 3.99141,-20.28789 -7.42727,-43.18112 -26.31063,-52.75004 -29.3294,-14.86233 -63.70097,0.67739 -71.84938,32.48379 -6.76401,26.40248 9.07162,53.41107 35.47613,60.50657 9.57771,2.5738 16.32823,2.5922 26.00769,0.071 z"
       id="path3244" />
    <path
       style="fill:#0000ff;stroke-width:1.33333"
       d="m 692.3289,1025.3962 c 10.63658,-4.0504 21.1338,-13.9566 26.63897,-25.1392 4.00517,-8.13567 4.36548,-9.91535 4.36548,-21.56227 0,-10.98307 -0.4818,-13.72267 -3.57341,-20.3188 -9.84888,-21.0132 -32.38051,-33.17927 -54.05268,-29.186 -16.97995,3.12866 -29.84086,12.6664 -37.1483,27.54938 -5.39301,10.98391 -6.19784,28.15378 -1.8618,39.71894 5.56966,14.85545 18.64356,26.63615 34.55176,31.13405 8.19455,2.317 21.74218,1.3597 31.07998,-2.1961 z"
       id="path3242" />
    <path
       style="fill:#0000ff;stroke-width:1.33333"
       d="m 571.32588,1024.1992 c 10.58009,-4.951 19.78031,-13.967 24.42635,-23.9372 4.57105,-9.80931 5.6598,-27.3227 2.32306,-37.36866 -6.86254,-20.66119 -25.73553,-34.01419 -48.07528,-34.01419 -19.93536,0 -36.06582,10.11466 -44.96785,28.19724 -4.00517,8.13566 -4.36548,9.91534 -4.36548,21.56226 0,11.16845 0.46075,13.69217 3.83223,20.9912 4.07848,8.82965 14.08957,19.51915 22.24512,23.75255 13.69821,7.1104 30.4758,7.4179 44.58185,0.8168 z"
       id="path3240" />
    <path
       style="fill:#0000ff;stroke-width:1.33333"
       d="m 445.80797,1025.2907 c 10.9484,-4.0963 23.37408,-16.4072 27.35536,-27.10257 6.31448,-16.96332 4.61215,-33.60614 -4.85589,-47.47336 -10.03335,-14.69523 -24.22118,-22.01295 -42.53354,-21.9377 -9.81926,0.0404 -11.87294,0.52919 -20.83857,4.96024 -11.80509,5.8344 -18.30493,12.52491 -24.00819,24.71247 -7.54173,16.11632 -5.30093,35.93992 5.7124,50.53562 13.57658,17.9926 37.23402,24.512 59.16843,16.3053 z"
       id="path3238" />
    <path
       style="fill:#0000ff;stroke-width:1.33333"
       d="m 324.39159,1024.3164 c 10.08079,-4.7273 19.70151,-14.1947 24.60863,-24.2166 3.22146,-6.57917 3.64112,-8.96489 3.65302,-20.76645 0.012,-11.91572 -0.3978,-14.22388 -3.85448,-21.70937 -4.96619,-10.75437 -16.31601,-21.53935 -27.08598,-25.73801 -10.68019,-4.16367 -26.07869,-4.16367 -36.75888,0 -10.17589,3.96706 -22.3266,15.21402 -27.23583,25.21008 -3.35178,6.82484 -3.71806,8.94981 -3.71806,21.57064 0,12.65601 0.36074,14.73464 3.75784,21.65261 6.48336,13.2029 19.84388,24.0996 33.90338,27.6513 8.9969,2.2727 23.558,0.647 32.73036,-3.6542 z"
       id="path3236" />
    <path
       style="fill:#0000ff;stroke-width:1.33333"
       d="m 756.00002,1141.1154 c 10.81327,-5.0266 19.18108,-13.1235 24.28433,-23.4981 4.11158,-8.3586 4.38234,-9.7753 4.38234,-22.9298 0,-13.4095 -0.19712,-14.3843 -4.52059,-22.3569 -5.26905,-9.7163 -13.02053,-17.3148 -23.0258,-22.5711 -6.4842,-3.4066 -8.37095,-3.7416 -21.12028,-3.7501 -12.38468,-0.01 -14.87307,0.3999 -21.56687,3.5378 -28.40165,13.3142 -38.02796,48.86 -20.14939,74.4031 5.88511,8.408 14.68298,15.1263 24.64679,18.8209 10.18728,3.7775 26.99648,3.0267 37.06947,-1.6558 z"
       id="path3234" />
    <path
       style="fill:#0000ff;stroke-width:1.33333"
       d="m 633.76832,1140.2136 c 20.53818,-10.1109 32.01114,-32.7313 27.55079,-54.3199 -3.32352,-16.0863 -13.25624,-29.0596 -27.66652,-36.1358 -6.91793,-3.3971 -8.99656,-3.7579 -21.65257,-3.7579 -12.64345,0 -14.7387,0.3628 -21.62345,3.7436 -10.54186,5.1767 -19.04542,13.8704 -24.07048,24.6087 -3.68186,7.868 -4.18492,10.3255 -4.15526,20.2997 0.0435,14.6476 3.53438,23.9337 12.81425,34.0873 11.01393,12.051 22.52347,16.7913 39.24098,16.1616 9.0407,-0.3405 12.33686,-1.1303 19.56226,-4.6873 z"
       id="path3232" />
    <path
       style="fill:#0000ff;stroke-width:1.33333"
       d="m 509.97093,1140.664 c 10.09566,-4.8283 19.11426,-13.8114 24.12138,-24.0264 3.5287,-7.1988 3.90718,-9.2624 3.90744,-21.3042 2.2e-4,-11.6106 -0.4494,-14.2809 -3.47983,-20.6667 -5.16487,-10.8835 -13.23952,-19.2032 -23.56931,-24.2843 -8.36457,-4.1146 -9.76589,-4.3818 -22.92981,-4.373 -12.79177,0.01 -14.6636,0.3418 -21.35412,3.8026 -9.844,5.0921 -18.00683,13.1672 -23.10272,22.8547 -3.94374,7.4971 -4.20895,8.8799 -4.21943,22 -0.009,12.3081 0.40793,14.8936 3.45696,21.3942 6.07232,12.9463 16.10655,22.0546 29.59831,26.8671 10.53581,3.7581 27.06179,2.7623 37.57113,-2.264 z"
       id="path3230" />
    <path
       style="fill:#0000ff;stroke-width:1.33333"
       d="m 385.56688,1141.0483 c 10.09089,-4.6355 18.42172,-12.5657 23.85964,-22.7122 3.98513,-7.4357 4.52289,-9.7042 4.97892,-21.0027 0.4276,-10.5946 0.036,-13.9284 -2.39348,-20.3795 -3.79751,-10.0834 -14.6053,-21.8056 -24.90826,-27.0157 -7.1312,-3.6062 -8.92193,-3.9298 -21.77036,-3.9338 -12.4144,0 -14.86616,0.4016 -21.64772,3.5798 -9.78788,4.5873 -19.4878,14.3063 -24.39696,24.4449 -3.41005,7.0426 -3.86513,9.4461 -3.90744,20.6376 -0.0395,10.4549 0.48681,13.8307 3.0144,19.3333 6.61179,14.3941 16.31375,23.7472 29.83039,28.7579 10.28577,3.813 26.98311,3.0485 37.34087,-1.7096 z"
       id="path3228" />
    <path
       style="fill:#0000ff;stroke-width:1.33333"
       d="m 696.78727,1256.0401 c 9.81777,-4.8332 18.02624,-13.3973 23.04189,-24.0401 2.9536,-6.2673 3.45951,-9.1747 3.4801,-20 0.0217,-11.4353 -0.37739,-13.5091 -4.10579,-21.3333 -5.36596,-11.2606 -13.29659,-19.2353 -24.32528,-24.4604 -8.02333,-3.8013 -10.0978,-4.2063 -21.54484,-4.2063 -11.13096,0 -13.57535,0.4463 -20.16153,3.6807 -10.59514,5.2032 -18.6335,12.7789 -23.93563,22.5581 -4.41607,8.1449 -4.56951,8.9204 -4.56951,23.0946 0,17.6125 2.13684,23.4082 12.7795,34.6612 15.48362,16.3717 38.55681,20.2776 59.34109,10.0455 z"
       id="path3226" />
    <path
       style="fill:#0000ff;stroke-width:1.33333"
       d="m 573.02453,1256.417 c 8.55619,-4.3174 19.42867,-15.5169 23.37946,-24.0826 2.41864,-5.2439 2.92226,-8.7481 2.92548,-20.3552 0.004,-13.1584 -0.26566,-14.5687 -4.37846,-22.9298 -10.98304,-22.3279 -36.71449,-33.0283 -60.28433,-25.0693 -41.90783,14.1514 -46.97741,71.1376 -8.16867,91.8224 13.91804,7.4183 32.55504,7.6644 46.52652,0.6145 z"
       id="path3224" />
    <path
       style="fill:#0000ff;stroke-width:1.33333"
       d="m 442.86598,1259.1541 c 28.9698,-9.0939 42.78666,-44.2559 28.10347,-71.5195 -4.5274,-8.4064 -14.57571,-17.6384 -24.01201,-22.0612 -6.59614,-3.0916 -9.33574,-3.5734 -20.3188,-3.5734 -11.64692,0 -13.4266,0.3603 -21.56226,4.3655 -31.44029,15.478 -38.38449,56.1159 -13.79154,80.7088 13.53744,13.5375 32.6665,18.0173 51.58114,12.0798 z"
       id="path3222" />
    <path
       style="fill:#0000ff;stroke-width:1.33333"
       d="m 629.57782,1375.0979 c 20.21229,-7.9395 32.40329,-25.6591 32.40329,-47.0979 0,-48.2635 -61.08722,-68.567 -90.26128,-30 -6.83874,9.0406 -9.66578,17.8149 -9.66578,30 0,17.5598 7.48812,31.7368 21.99404,41.6407 13.22294,9.028 31.0113,11.16 45.52973,5.4572 z"
       id="path3220" />
    <path
       style="fill:#0000ff;stroke-width:1.33333"
       d="m 506.99721,1374.6779 c 10.61808,-3.9727 21.10468,-13.8492 26.63732,-25.0876 4.00722,-8.1397 4.36548,-9.9116 4.36548,-21.5903 0,-11.6786 -0.35826,-13.4505 -4.36548,-21.5903 -18.72476,-38.0353 -71.88659,-38.0548 -90.5576,-0.033 -3.38084,6.8848 -3.74359,8.98 -3.74359,21.6235 0,12.6434 0.36275,14.7386 3.74359,21.6234 6.60165,13.4436 19.62533,24.0719 33.91764,27.6794 7.36851,1.8598 21.26582,0.644 30.00264,-2.625 z"
       id="path3218" />
    <path
       style="fill:#0000ff;stroke-width:1.33333"
       d="m 570.66668,1490.4403 c 20.81464,-9.6517 32.07127,-30.5149 29.01332,-53.7736 -2.03939,-15.5115 -13.37872,-30.74 -28.34665,-38.0691 -5.7877,-2.8338 -8.51526,-3.2642 -20.68746,-3.2642 -13.15452,0 -14.57121,0.2708 -22.92981,4.3822 -39.73597,19.5462 -35.46724,78.5444 6.68963,92.4575 10.85518,3.5825 26.4002,2.8397 36.26097,-1.7328 z"
       id="path3216" />
  </g>
</svg>
